MatLab_Code/Uz_2D.grd
DSAA
101 101
-2500 2500
-2500 2500
-0.410177 2.76879
[rows 54 to 80 of 101, columns 0 to 60 of 101]
-0.202587 -0.190019 -0.176374 -0.161606 -0.145667 -0.128505 -0.110067 -0.090298 -0.069144 -0.0465497 -0.0224619 0.00317018 0.030393 0.0592467 0.0897632 0.121963 0.155853 0.191421 0.228633 0.267432 0.307725 0.349388 0.392255 0.436116 0.480715 0.525744 0.570849 0.615627 0.65963 0.70238 0.743368 0.782074 0.817982 0.850589 0.87943 0.904085 0.924199 0.939495 0.949778 0.954947 0.954996 0.950015 0.940187 0.925784 0.907156 0.884722 0.858958 0.830384 0.799547 0.767009 0.73333 0.69906 0.664726 0.630824 0.597813 0.566112 0.536098 0.508109 0.482443 0.459365 0.439107
-0.207181 -0.194928 -0.18164 -0.167274 -0.151785 -0.135128 -0.117253 -0.0981118 -0.0776555 -0.0558358 -0.032606 -0.00792269 0.0182534 0.0459551 0.0752073 0.106024 0.138405 0.172335 0.207778 0.244671 0.282926 0.322421 0.362996 0.404453 0.446548 0.488992 0.531451 0.573549 0.614867 0.654957 0.693345 0.729549 0.763087 0.793494 0.820338 0.843235 0.861861 0.875961 0.885365 0.889986 0.889827 0.884981 0.875624 0.862015 0.844481 0.823413 0.799251 0.772471 0.743575 0.713076 0.681484 0.649302 0.617009 0.585057 0.553864 0.523813 0.495248 0.468476 0.443768 0.421363 0.401466
-0.211934 -0.200001 -0.187074 -0.173114 -0.15808 -0.14193 -0.124621 -0.106109 -0.0863512 -0.0653057 -0.0429326 -0.019195 0.0059391 0.0324959 0.0604936 0.0899402 0.120831 0.153147 0.186848 0.221874 0.258138 0.295524 0.333879 0.373017 0.412709 0.452684 0.492629 0.532191 0.570978 0.608571 0.644525 0.678386 0.709704 0.738045 0.763007 0.784232 0.801423 0.814352 0.822867 0.826898 0.826462 0.821654 0.812652 0.799704 0.783121 0.763271 0.74056 0.715429 0.688337 0.65975 0.630135 0.599943 0.569611 0.539546 0.510129 0.481705 0.454585 0.429048 0.405338 0.383667 0.364217
-0.216817 -0.205205 -0.192639 -0.179084 -0.164502 -0.148857 -0.132109 -0.114221 -0.0951541 -0.0748734 -0.053345 -0.0305391 -0.00642983 0.0190023 0.0457694 0.0738745 0.103309 0.13405 0.166059 0.199277 0.23362 0.268979 0.305214 0.342149 0.379573 0.417232 0.454836 0.492052 0.528512 0.563819 0.597552 0.62928 0.658575 0.685024 0.708248 0.727912 0.74374 0.755525 0.763135 0.76652 0.76571 0.760814 0.752012 0.739552 0.723736 0.704912 0.683463 0.659796 0.634332 0.607497 0.579709 0.55138 0.522898 0.494632 0.46692 0.440075 0.414375 0.390069 0.367375 0.346481 0.327547
-0.221798 -0.210504 -0.198296 -0.18514 -0.171005 -0.155855 -0.139658 -0.122379 -0.103987 -0.084452 -0.0637464 -0.0418466 -0.0187333 0.00560706 0.0311812 0.0579874 0.0860141 0.115237 0.145619 0.177104 0.209615 0.243053 0.27729 0.312167 0.347488 0.383023 0.418498 0.453603 0.487989 0.521275 0.553056 0.582914 0.610432 0.635209 0.656877 0.675115 0.689662 0.70033 0.707007 0.709665 0.708353 0.703199 0.694398 0.682206 0.666923 0.648888 0.628468 0.606041 0.581994 0.556714 0.530579 0.503955 0.477188 0.450606 0.42451 0.399175 0.374848 0.351751 0.330074 0.309984 0.291619
-0.226848 -0.215866 -0.204007 -0.191242 -0.17754 -0.162871 -0.147205 -0.130515 -0.112773 -0.0939544 -0.074039 -0.0530087 -0.0308504 -0.00755637 0.016875 0.0424383 0.0691194 0.0968947 0.125729 0.155571 0.186356 0.217995 0.250378 0.283363 0.316777 0.350411 0.384013 0.417291 0.449911 0.481502 0.511664 0.539979 0.566027 0.589404 0.609738 0.626713 0.640074 0.649647 0.655342 0.657156 0.655167 0.649532 0.640474 0.628267 0.613227 0.595692 0.576018 0.554564 0.531687 0.507737 0.483052 0.457954 0.432747 0.407717 0.383127 0.359217 0.336203 0.314276 0.293604 0.27433 0.256573
-0.231938 -0.221259 -0.209737 -0.197347 -0.18406 -0.16985 -0.154691 -0.138559 -0.121433 -0.103293 -0.0841243 -0.0639152 -0.0426587 -0.0203528 0.00299899 0.0273876 0.0527977 0.0792065 0.106583 0.134886 0.16406 0.194037 0.224724 0.256006 0.287735 0.319727 0.351754 0.383542 0.414769 0.445065 0.474021 0.501201 0.526164 0.54848 0.567757 0.583665 0.595947 0.604438 0.609071 0.609872 0.606965 0.60055 0.590895 0.578314 0.563151 0.545761 0.526497 0.505704 0.483714 0.460839 0.437377 0.413606 0.389788 0.366164 0.342959 0.320376 0.298601 0.277796 0.258104 0.239646 0.222522
-0.237039 -0.22665 -0.21545 -0.203415 -0.190519 -0.17674 -0.162055 -0.146444 -0.12989 -0.112379 -0.0939017 -0.0744528 -0.0540318 -0.0326428 -0.0102945 0.0130004 0.037225 0.0623588 0.0883771 0.11525 0.142939 0.171396 0.200559 0.230341 0.260629 0.291271 0.322069 0.352769 0.383055 0.412549 0.440817 0.467381 0.491748 0.513436 0.532005 0.547088 0.558414 0.565819 0.56926 0.568809 0.564646 0.557044 0.546341 0.532919 0.517171 0.499487 0.480229 0.459735 0.438309 0.416227 0.393742 0.371086 0.348472 0.3261 0.30415 0.28279 0.262173 0.242432 0.223685 0.206034 0.189558
-0.242126 -0.23201 -0.221111 -0.209407 -0.196874 -0.183491 -0.169239 -0.154101 -0.138065 -0.121121 -0.103267 -0.0845037 -0.0648373 -0.044279 -0.0228438 -0.000549128 0.0225867 0.0465456 0.0713107 0.096866 0.123196 0.15028 0.178092 0.206587 0.235698 0.265315 0.295281 0.325368 0.355265 0.384576 0.412817 0.439437 0.463848 0.485472 0.503783 0.518349 0.52886 0.535151 0.537204 0.535152 0.529261 0.519909 0.50755 0.492668 0.475745 0.457221 0.437486 0.416868 0.395643 0.374046 0.352276 0.330512 0.308914 0.287633 0.266806 0.24656 0.227015 0.208274 0.190433 0.173569 0.157748
-0.247172 -0.23731 -0.226688 -0.215286 -0.20308 -0.190052 -0.176184 -0.161462 -0.145878 -0.129427 -0.112113 -0.093943 -0.0749327 -0.0551016 -0.0344728 -0.0130699 0.00908535 0.0319769 0.0555966 0.0799463 0.105037 0.130887 0.157517 0.184938 0.213145 0.242092 0.271678 0.301715 0.331904 0.361818 0.390894 0.418457 0.443767 0.466082 0.484732 0.499177 0.509045 0.514156 0.514527 0.510372 0.502084 0.4902 0.475349 0.458183 0.439314 0.41927 0.398473 0.377244 0.355819 0.334375 0.313047 0.291948 0.271178 0.250829 0.230992 0.211753 0.193193 0.175388 0.158406 0.142307 0.127138
-0.252156 -0.242524 -0.232152 -0.221017 -0.209098 -0.196375 -0.182832 -0.168458 -0.153247 -0.137199 -0.120323 -0.102635 -0.0841615 -0.0649321 -0.0449816 -0.0243441 -0.00304758 0.0188916 0.0414742 0.0647225 0.0886816 0.113418 0.139014 0.165559 0.193133 0.221783 0.251494 0.282145 0.313467 0.344993 0.376046 0.405755 0.433128 0.457162 0.476958 0.491809 0.501246 0.505064 0.503321 0.496343 0.484704 0.469184 0.450685 0.430118 0.408299 0.385878 0.36332 0.340922 0.318858 0.297222 0.276061 0.255405 0.235279 0.215713 0.196741 0.178404 0.160745 0.143811 0.127644 0.112282 0.0977574
-0.257056 -0.247629 -0.237475 -0.226569 -0.214889 -0.202415 -0.18913 -0.175022 -0.160089 -0.144335 -0.127774 -0.110432 -0.092347 -0.0735646 -0.0541366 -0.0341132 -0.0135353 0.00757555 0.0292271 0.0514641 0.0743729 0.0980816 0.122755 0.148584 0.175769 0.204492 0.234872 0.266908 0.300395 0.334838 0.369399 0.402902 0.433952 0.461125 0.483167 0.499123 0.508396 0.510742 0.50627 0.495446 0.479102 0.458382 0.434618 0.409132 0.383049 0.357186 0.332042 0.307856 0.284692 0.262517 0.241259 0.220839 0.201192 0.182271 0.164049 0.146519 0.129685 0.11356 0.098162 0.0835087 0.0696164
-0.261854 -0.252606 -0.242634 -0.231914 -0.22042 -0.20813 -0.195023 -0.181089 -0.166322 -0.150729 -0.134332 -0.117167 -0.0992862 -0.0807567 -0.0616553 -0.0420592 -0.022033 -0.00161269 0.0192104 0.0405042 0.0624039 0.0851152 0.108909 0.134113 0.16109 0.190213 0.22181 0.256084 0.292975 0.332005 0.372127 0.411703 0.44868 0.480954 0.506726 0.524711 0.534154 0.534773 0.526723 0.510634 0.487677 0.459546 0.428257 0.395794 0.363749 0.333149 0.304485 0.277856 0.253137 0.230104 0.208517 0.188156 0.168847 0.150455 0.132888 0.116083 0.100004 0.0846329 0.069961 0.0559874 0.0427128
-0.266537 -0.257436 -0.24761 -0.237029 -0.225662 -0.213482 -0.200465 -0.186594 -0.17186 -0.156272 -0.139855 -0.122654 -0.104743 -0.0862165 -0.0671886 -0.0477795 -0.0280959 -0.00820598 0.0118886 0.0322756 0.0531479 0.0748078 0.0976627 0.122214 0.149043 0.178784 0.212073 0.249447 0.291147 0.336827 0.385221 0.433991 0.480003 0.520034 0.551479 0.572649 0.582664 0.581222 0.568502 0.545262 0.513079 0.474455 0.432525 0.390352 0.35023 0.313407 0.280243 0.250549 0.223881 0.199735 0.177642 0.157212 0.138138 0.12019 0.103201 0.0870554 0.0716753 0.0570096 0.0430262 0.0297049 0.0170324
-0.271094 -0.262108 -0.252388 -0.241895 -0.230592 -0.218443 -0.205414 -0.19148 -0.176626 -0.160853 -0.144187 -0.126686 -0.108443 -0.0895904 -0.070298 -0.0507535 -0.0311363 -0.0115765 0.00789075 0.027365 0.0471058 0.0675377 0.0892411 0.112938 0.139483 0.169848 0.205095 0.246272 0.294172 0.348842 0.408892 0.470968 0.530133 0.581315 0.620762 0.64642 0.657436 0.653565 0.634927 0.602254 0.557482 0.50426 0.447565 0.392259 0.341644 0.297091 0.258564 0.225335 0.196467 0.171068 0.148384 0.127822 0.10893 0.0913747 0.0749158 0.059383 0.0446577 0.0306589 0.0173315 0.0046379 -0.00744833
-0.275518 -0.266616 -0.256959 -0.246502 -0.235195 -0.222989 -0.209839 -0.1957 -0.180545 -0.164362 -0.147172 -0.129034 -0.110067 -0.0904501 -0.0704301 -0.0503008 -0.0303636 -0.0108636 0.00808878 0.0265877 0.0449715 0.063824 0.0839489 0.106342 0.13218 0.162838 0.199901 0.245121 0.300165 0.365934 0.441248 0.521417 0.598558 0.664606 0.714325 0.745592 0.757954 0.751361 0.725732 0.681393 0.620342 0.5477 0.471428 0.39932 0.336001 0.282617 0.238278 0.20138 0.170307 0.143689 0.12045 0.0997756 0.0810694 0.0638971 0.0479478 0.0330009 0.0189011 0.00554009 -0.00715765 -0.019245 -0.0307601
-0.279807 -0.270957 -0.261323 -0.250847 -0.239467 -0.227114 -0.213721 -0.199222 -0.183563 -0.166707 -0.148654 -0.129461 -0.10926 -0.0882865 -0.066892 -0.0455305 -0.0247069 -0.00487294 0.0137089 0.0310934 0.0477192 0.064393 0.0822192 0.10253 0.126865 0.157018 0.19513 0.243745 0.305668 0.38318 0.475933 0.577801 0.676594 0.759902 0.820915 0.858074 0.871835 0.862514 0.829653 0.772658 0.692949 0.597205 0.49771 0.406546 0.329749 0.267606 0.217828 0.177669 0.144733 0.11715 0.093528 0.0728535 0.0543976 0.0376392 0.0222074 0.00783947 -0.0056504 -0.0183932 -0.0304814 -0.0419806 -0.0529384
-0.283963 -0.275135 -0.265485 -0.25494 -0.243416 -0.230823 -0.217063 -0.202037 -0.185647 -0.167817 -0.148505 -0.127737 -0.105646 -0.0825177 -0.0588362 -0.0352909 -0.0127186 0.0080585 0.0264824 0.0425053 0.0567105 0.0702498 0.0846628 0.101708 0.123309 0.151627 0.189246 0.239368 0.305836 0.3924 0.499962 0.621301 0.739625 0.837895 0.908115 0.949791 0.964494 0.952946 0.914268 0.846731 0.750673 0.633934 0.5134 0.405716 0.317975 0.249173 0.195509 0.153167 0.119094 0.0910255 0.067332 0.0468532 0.0287666 0.0124891 -0.00239226 -0.0161707 -0.029054 -0.0411897 -0.0526828 -0.0636086 -0.0740219
-0.287996 -0.279163 -0.269461 -0.258797 -0.247065 -0.234142 -0.219892 -0.204165 -0.186808 -0.167673 -0.146645 -0.123681 -0.098873 -0.07253 -0.0452799 -0.0181385 0.00752542 0.0302303 0.0488443 0.0630938 0.0738066 0.0827292 0.0920879 0.104211 0.121405 0.14607 0.180966 0.22952 0.295959 0.384648 0.497094 0.625646 0.751374 0.855099 0.928382 0.971298 0.985942 0.973212 0.932032 0.860127 0.757238 0.631617 0.50225 0.387871 0.295943 0.224789 0.169916 0.127055 0.0928863 0.0649876 0.041636 0.0216119 0.00405374 -0.0116488 -0.0259286 -0.0390941 -0.0513648 -0.0628978 -0.0738059 -0.0841704 -0.0940508
-0.291916 -0.283057 -0.273274 -0.262451 -0.250452 -0.237118 -0.222262 -0.205671 -0.187108 -0.166324 -0.143085 -0.117218 -0.0886955 -0.057778 -0.0252019 0.00761106 0.0384732 0.0647331 0.0841368 0.0959343 0.101423 0.103462 0.105433 0.110457 0.121202 0.140096 0.16971 0.213099 0.273923 0.35575 0.459325 0.5773 0.692783 0.788657 0.856867 0.896875 0.910219 0.897595 0.858103 0.789997 0.6936 0.576738 0.456283 0.348866 0.261566 0.193363 0.14044 0.0989644 0.0658663 0.0388636 0.0163093 -0.00297441 -0.0198269 -0.0348475 -0.0484648 -0.0609863 -0.0726327 -0.0835633 -0.0938934 -0.103707 -0.113066
-0.295742 -0.286842 -0.276955 -0.265942 -0.253633 -0.239823 -0.224265 -0.206665 -0.18668 -0.163921 -0.137975 -0.108456 -0.075103 -0.0379783 0.00220582 0.0436246 0.0829241 0.115424 0.136661 0.144884 0.142361 0.134123 0.125527 0.120779 0.122814 0.133814 0.155773 0.190868 0.24149 0.309534 0.394328 0.489483 0.582606 0.661132 0.718132 0.751962 0.763009 0.75154 0.717055 0.658926 0.578545 0.48256 0.383231 0.29261 0.216704 0.155769 0.107486 0.0690716 0.038098 0.0126594 -0.0086717 -0.0269437 -0.0429197 -0.0571537 -0.0700474 -0.0818925 -0.0929012 -0.103228 -0.112986 -0.122258 -0.131105
-0.299494 -0.290546 -0.280545 -0.269325 -0.256679 -0.242352 -0.226026 -0.207312 -0.185735 -0.160731 -0.131646 -0.0977806 -0.0584878 -0.0134094 0.0370463 0.0908525 0.143217 0.186146 0.210948 0.2138 0.198992 0.175725 0.152588 0.135102 0.126217 0.127509 0.140064 0.164911 0.202998 0.254596 0.318011 0.388149 0.456817 0.515716 0.559436 0.585724 0.594027 0.584221 0.556166 0.510138 0.448092 0.375107 0.299101 0.227829 0.165871 0.114327 0.0722564 0.0380064 0.00990877 -0.0134609 -0.033233 -0.0502727 -0.06523 -0.0785884 -0.0907059 -0.101847 -0.112207 -0.121929 -0.131121 -0.139861 -0.148209
-0.303197 -0.294202 -0.284089 -0.272662 -0.259675 -0.244819 -0.2277 -0.207823 -0.184565 -0.15715 -0.124634 -0.085911 -0.0397938 0.014752 0.0780105 0.148199 0.219107 0.277944 0.308718 0.303752 0.271129 0.227277 0.185484 0.152554 0.130984 0.121349 0.123594 0.137544 0.162883 0.198747 0.243024 0.291805 0.339737 0.381437 0.412922 0.431966 0.437592 0.429456 0.407604 0.372699 0.326625 0.272974 0.21667 0.162518 0.113763 0.0717115 0.0362638 0.00662185 -0.0182216 -0.0392313 -0.0572328 -0.0728925 -0.086732 -0.0991517 -0.110456 -0.120874 -0.130579 -0.139699 -0.148332 -0.156551 -0.164411
-0.306875 -0.297846 -0.287635 -0.276019 -0.262714 -0.247354 -0.22947 -0.208454 -0.183526 -0.153684 -0.117662 -0.0738938 -0.0205476 0.0442689 0.121844 0.211081 0.304595 0.383762 0.422549 0.407716 0.352842 0.284318 0.221167 0.171231 0.13613 0.115161 0.107042 0.110475 0.124161 0.146533 0.175389 0.207685 0.239766 0.268025 0.289576 0.302524 0.305835 0.299092 0.282382 0.256388 0.222616 0.183503 0.142116 0.10145 0.0637246 0.0301078 0.000877934 -0.0242422 -0.0457862 -0.0643514 -0.0804982 -0.0947093 -0.107381 -0.11883 -0.129302 -0.13899 -0.148041 -0.156566 -0.164651 -0.172362 -0.179748
-0.310554 -0.301513 -0.291234 -0.279468 -0.265894 -0.250095 -0.231526 -0.209476 -0.18301 -0.150906 -0.111575 -0.0629936 -0.00268267 0.0721178 0.163717 0.27173 0.387628 0.486981 0.533738 0.509106 0.43215 0.339204 0.255005 0.188418 0.140189 0.108386 0.0905922 0.0845618 0.088264 0.0996987 0.116678 0.136718 0.15715 0.175421 0.189407 0.197587 0.199034 0.193334 0.180538 0.161191 0.136384 0.107734 0.0771783 0.0466162 0.0175515 -0.00908431 -0.0329029 -0.0539113 -0.0723459 -0.0885437 -0.10286 -0.115625 -0.127126 -0.137601 -0.147244 -0.156207 -0.164613 -0.172555 -0.180106 -0.187323 -0.19425
-0.314258 -0.305236 -0.294932 -0.283073 -0.269307 -0.253172 -0.234059 -0.211162 -0.183413 -0.149392 -0.107231 -0.0545063 0.0118118 0.0951862 0.19867 0.322202 0.455931 0.570729 0.623319 0.591079 0.496842 0.384099 0.282206 0.201249 0.141528 0.100212 0.0740111 0.0599562 0.0554968 0.0583601 0.0663882 0.0774444 0.0894387 0.100447 0.108857 0.113459 0.113466 0.108495 0.0985424 0.0839812 0.0655544 0.0443208 0.0215209 -0.00162013 -0.0240823 -0.0451617 -0.0644812 -0.0819298 -0.0975761 -0.111588 -0.124177 -0.135555 -0.14592 -0.155446 -0.164278 -0.172534 -0.180312 -0.187688 -0.194723 -0.201464 -0.207947
-0.318007 -0.309045 -0.29877 -0.286893 -0.273036 -0.256703 -0.237235 -0.213754 -0.185086 -0.149661 -0.105396 -0.049566 0.0212498 0.110976 0.223057 0.357373 0.502824 0.627164 0.683041 0.645819 0.540291 0.413967 0.299251 0.207402 0.138688 0.0897843 0.0568329 0.0363837 0.0255472 0.0218887 0.0232832 0.0278136 0.0337397 0.0395263 0.0438971 0.0458761 0.0448027 0.0403257 0.0323897 0.0212202 0.00729864 -0.00868986 -0.0259453 -0.0436667 -0.0611596 -0.0779059 -0.093584 -0.108046 -0.121274 -0.133336 -0.144346 -0.154432 -0.163727 -0.172348 -0.180404 -0.187981 -0.195156 -0.201988 -0.208527 -0.21481 -0.22087
