MatLab_Code/Uz_2D.grd
DSAA
101 101
-2500 2500
-2500 2500
-0.410177 2.76879
[rows 0 to 26 of 101, columns 0 to 60 of 101]
-0.35524 -0.352322 -0.349224 -0.345952 -0.342509 -0.338901 -0.335135 -0.331215 -0.327151 -0.322948 -0.318617 -0.314165 -0.309605 -0.304946 -0.300201 -0.295383 -0.290505 -0.285582 -0.28063 -0.275664 -0.270703 -0.265763 -0.260862 -0.25602 -0.251255 -0.246586 -0.242033 -0.237613 -0.233346 -0.229248 -0.225338 -0.221629 -0.218138 -0.214876 -0.211856 -0.209087 -0.206575 -0.204327 -0.202346 -0.200633 -0.199187 -0.198004 -0.197078 -0.196403 -0.195968 -0.195763 -0.195775 -0.195991 -0.196395 -0.196973 -0.19771 -0.198591 -0.1996 -0.200724 -0.20195 -0.203266 -0.204664 -0.206136 -0.207676 -0.20928 -0.210949
-0.351273 -0.348192 -0.344918 -0.341455 -0.337807 -0.333981 -0.329982 -0.325816 -0.321491 -0.317015 -0.312396 -0.307645 -0.302772 -0.297789 -0.292708 -0.287543 -0.282309 -0.277021 -0.271697 -0.266354 -0.26101 -0.255684 -0.250397 -0.245169 -0.240021 -0.234974 -0.230049 -0.225266 -0.220647 -0.21621 -0.211975 -0.20796 -0.20418 -0.20065 -0.197383 -0.19439 -0.191678 -0.189253 -0.18712 -0.185279 -0.183728 -0.182464 -0.181479 -0.180765 -0.18031 -0.180102 -0.180126 -0.180365 -0.180804 -0.181424 -0.182207 -0.183136 -0.184194 -0.185364 -0.186632 -0.187985 -0.189411 -0.190904 -0.192456 -0.194065 -0.19573
-0.34713 -0.343874 -0.34041 -0.336743 -0.332876 -0.328815 -0.324566 -0.320135 -0.315529 -0.310758 -0.305829 -0.300754 -0.295542 -0.290208 -0.284762 -0.279222 -0.273601 -0.267917 -0.262188 -0.256432 -0.250671 -0.244925 -0.239216 -0.233566 -0.227998 -0.222537 -0.217204 -0.212024 -0.207019 -0.202211 -0.197621 -0.19327 -0.189174 -0.185351 -0.181815 -0.178578 -0.175649 -0.173034 -0.170738 -0.16876 -0.1671 -0.165752 -0.164707 -0.163956 -0.163485 -0.16328 -0.163322 -0.163593 -0.164074 -0.164743 -0.165579 -0.166563 -0.167674 -0.168893 -0.170203 -0.17159 -0.17304 -0.174545 -0.176098 -0.177696 -0.17934
-0.342813 -0.339371 -0.335704 -0.331818 -0.327716 -0.323403 -0.318885 -0.31417 -0.309263 -0.304174 -0.298911 -0.293486 -0.287909 -0.282194 -0.276355 -0.270407 -0.264366 -0.258251 -0.252081 -0.245878 -0.239662 -0.233456 -0.227286 -0.221174 -0.215148 -0.209233 -0.203454 -0.197838 -0.19241 -0.187195 -0.182217 -0.177497 -0.173057 -0.168914 -0.165084 -0.161582 -0.158417 -0.155597 -0.153125 -0.151003 -0.149228 -0.147793 -0.146689 -0.145904 -0.145423 -0.145226 -0.145295 -0.145607 -0.146139 -0.146866 -0.147764 -0.148809 -0.149978 -0.151249 -0.152601 -0.154018 -0.155485 -0.156991 -0.158529 -0.160097 -0.161696
-0.338327 -0.334685 -0.330803 -0.326683 -0.322329 -0.317747 -0.312942 -0.307921 -0.302691 -0.29726 -0.291639 -0.285836 -0.279866 -0.27374 -0.267475 -0.261085 -0.254589 -0.248007 -0.241358 -0.234666 -0.227955 -0.221249 -0.214574 -0.207959 -0.201431 -0.195019 -0.188752 -0.182658 -0.176767 -0.171105 -0.165701 -0.160577 -0.155759 -0.151266 -0.147117 -0.143326 -0.139905 -0.136863 -0.134204 -0.131928 -0.130033 -0.128509 -0.127348 -0.126533 -0.126046 -0.125868 -0.125973 -0.126336 -0.12693 -0.127726 -0.128695 -0.12981 -0.131042 -0.132367 -0.13376 -0.135201 -0.136675 -0.138168 -0.139673 -0.141186 -0.142711
-0.333674 -0.329822 -0.325709 -0.32134 -0.316718 -0.311849 -0.306737 -0.301389 -0.295813 -0.290016 -0.284008 -0.277801 -0.271406 -0.264838 -0.258111 -0.251244 -0.244256 -0.237166 -0.229998 -0.222775 -0.215524 -0.208272 -0.201048 -0.193882 -0.186805 -0.179849 -0.173046 -0.166429 -0.16003 -0.153879 -0.148007 -0.142442 -0.137209 -0.132334 -0.127835 -0.12373 -0.120032 -0.116751 -0.11389 -0.111451 -0.10943 -0.107817 -0.106599 -0.105759 -0.105276 -0.105126 -0.105279 -0.105706 -0.106375 -0.107252 -0.108304 -0.109497 -0.110799 -0.11218 -0.113612 -0.115071 -0.116539 -0.118 -0.119447 -0.120875 -0.122289
-0.328861 -0.324784 -0.320427 -0.315793 -0.310886 -0.305711 -0.300272 -0.294575 -0.288628 -0.282439 -0.276017 -0.269375 -0.262524 -0.255479 -0.248256 -0.240873 -0.233352 -0.225712 -0.21798 -0.210181 -0.202343 -0.194496 -0.186672 -0.178904 -0.171227 -0.163676 -0.156287 -0.149096 -0.142139 -0.135451 -0.129067 -0.123017 -0.117331 -0.112036 -0.107156 -0.102709 -0.09871 -0.0951701 -0.0920943 -0.0894827 -0.0873302 -0.0856264 -0.084356 -0.0834984 -0.0830289 -0.0829182 -0.0831339 -0.0836402 -0.0843996 -0.0853727 -0.0865198 -0.0878016 -0.0891801 -0.0906197 -0.0920878 -0.0935564 -0.0950025 -0.0964092 -0.0977663 -0.0990711 -0.100328
-0.323893 -0.319578 -0.314962 -0.310048 -0.304838 -0.299337 -0.293549 -0.28748 -0.281138 -0.274529 -0.267665 -0.260556 -0.253215 -0.245657 -0.2379 -0.229961 -0.221863 -0.213629 -0.205285 -0.19686 -0.188383 -0.179889 -0.171411 -0.162986 -0.154653 -0.14645 -0.138419 -0.130599 -0.123031 -0.115754 -0.108807 -0.102225 -0.0960425 -0.0902893 -0.0849917 -0.0801719 -0.0758467 -0.0720279 -0.0687213 -0.065927 -0.0636388 -0.0618445 -0.0605259 -0.0596593 -0.0592153 -0.05916 -0.0594552 -0.0600589 -0.0609271 -0.0620134 -0.0632712 -0.0646541 -0.0661171 -0.067618 -0.0691184 -0.0705848 -0.0719899 -0.0733136 -0.0745439 -0.0756776 -0.0767212
-0.318775 -0.31421 -0.30932 -0.304109 -0.298578 -0.292731 -0.286573 -0.280109 -0.273345 -0.266289 -0.258951 -0.251343 -0.243477 -0.235368 -0.227035 -0.218497 -0.209777 -0.2009 -0.191894 -0.182789 -0.173619 -0.16442 -0.155229 -0.146087 -0.137037 -0.128122 -0.119388 -0.110878 -0.10264 -0.0947168 -0.0871523 -0.0799873 -0.0732598 -0.0670044 -0.061251 -0.0560248 -0.0513451 -0.0472251 -0.0436716 -0.0406843 -0.038256 -0.0363724 -0.0350122 -0.0341475 -0.0337442 -0.0337625 -0.0341575 -0.0348804 -0.0358791 -0.0370993 -0.038486 -0.0399843 -0.0415412 -0.0431065 -0.0446343 -0.0460849 -0.0474254 -0.0486316 -0.049689 -0.0505938 -0.0513538
-0.313516 -0.308687 -0.303508 -0.297983 -0.292113 -0.2859 -0.279349 -0.272465 -0.265252 -0.25772 -0.249878 -0.241735 -0.233307 -0.224608 -0.215657 -0.206474 -0.197083 -0.187512 -0.177789 -0.167948 -0.158026 -0.14806 -0.138092 -0.128169 -0.118336 -0.108642 -0.0991367 -0.089872 -0.0808984 -0.0722663 -0.0640244 -0.0562194 -0.0488945 -0.042089 -0.0358373 -0.030168 -0.0251033 -0.0206583 -0.0168407 -0.01365 -0.0110779 -0.00910746 -0.00771406 -0.00686512 -0.00652077 -0.00663449 -0.00715389 -0.00802166 -0.00917669 -0.0105553 -0.0120925 -0.0137236 -0.0153856 -0.0170188 -0.0185685 -0.0199869 -0.0212345 -0.0222816 -0.0231104 -0.0237159 -0.0241071
-0.308124 -0.303017 -0.297535 -0.291678 -0.28545 -0.278851 -0.271884 -0.264554 -0.256867 -0.248828 -0.240447 -0.231736 -0.222707 -0.213375 -0.203761 -0.193885 -0.183773 -0.173452 -0.162955 -0.152318 -0.141578 -0.130779 -0.119968 -0.109192 -0.0985037 -0.0879579 -0.0776103 -0.0675179 -0.0577383 -0.0483282 -0.0393431 -0.0308357 -0.0228556 -0.0154475 -0.00865084 -0.00249834 0.00298446 0.00778014 0.01188 0.0152845 0.0180036 0.0200566 0.0214723 0.0222887 0.022552 0.0223167 0.0216439 0.0206006 0.0192584 0.0176924 0.0159789 0.0141944 0.0124137 0.010708 0.00914252 0.0077752 0.00665408 0.00581549 0.005282 0.00506066 0.00514144
-0.302608 -0.297209 -0.291408 -0.285204 -0.278598 -0.271592 -0.264186 -0.256386 -0.248194 -0.239618 -0.230666 -0.221348 -0.211678 -0.201671 -0.191347 -0.180727 -0.169839 -0.158712 -0.147379 -0.13588 -0.124256 -0.112553 -0.100823 -0.0891188 -0.0774985 -0.0660222 -0.0547527 -0.0437541 -0.033091 -0.0228277 -0.013027 -0.00374915 0.00494958 0.0130178 0.0204106 0.0270901 0.0330269 0.038201 0.0426023 0.0462312 0.0490993 0.0512288 0.0526532 0.0534164 0.0535724 0.0531843 0.0523236 0.0510685 0.0495029 0.0477148 0.0457942 0.0438316 0.0419155 0.0401309 0.0385563 0.0372617 0.0363058 0.0357339 0.0355749 0.0358391 0.0365162
-0.296979 -0.291275 -0.285139 -0.278571 -0.271569 -0.264134 -0.256266 -0.247968 -0.239244 -0.230099 -0.220541 -0.210579 -0.200226 -0.189499 -0.178416 -0.167 -0.155279 -0.143284 -0.131051 -0.118621 -0.10604 -0.0933579 -0.08063 -0.067916 -0.0552795 -0.0427877 -0.0305106 -0.0185201 -0.00688909 0.00430964 0.0150048 0.0251279 0.0346146 0.0434061 0.0514507 0.0587049 0.0651348 0.070717 0.0754399 0.0793038 0.0823217 0.0845195 0.0859357 0.0866211 0.0866383 0.0860608 0.0849715 0.0834618 0.0816299 0.0795787 0.0774143 0.0752434 0.0731713 0.0712992 0.0697217 0.0685237 0.0677776 0.0675398 0.0678481 0.068718 0.0701401
-0.291248 -0.285225 -0.27874 -0.27179 -0.264373 -0.256488 -0.248135 -0.239314 -0.230029 -0.220283 -0.210083 -0.199438 -0.18836 -0.176866 -0.164973 -0.152706 -0.140093 -0.127166 -0.113965 -0.100532 -0.0869168 -0.0731741 -0.0593643 -0.0455528 -0.0318102 -0.0182109 -0.00483339 0.00824175 0.0209323 0.033156 0.0448318 0.0558817 0.0662322 0.0758158 0.0845731 0.092454 0.0994191 0.105442 0.110507 0.114616 0.117784 0.120039 0.121426 0.122005 0.121846 0.121036 0.11967 0.117856 0.115707 0.113344 0.110892 0.108477 0.106223 0.104251 0.102676 0.1016 0.101113 0.101287 0.102171 0.103787 0.10613
-0.285427 -0.279074 -0.272225 -0.264876 -0.257026 -0.24867 -0.239808 -0.230438 -0.220562 -0.210183 -0.199306 -0.187938 -0.176092 -0.163782 -0.151028 -0.137853 -0.124286 -0.110362 -0.0961199 -0.0816075 -0.0668772 -0.0519884 -0.0370067 -0.0220044 -0.007059 0.00774634 0.0223243 0.0365844 0.0504338 0.0637796 0.0765297 0.0885952 0.099892 0.110343 0.119879 0.128443 0.135989 0.142486 0.147917 0.152281 0.155596 0.157895 0.159229 0.159665 0.159288 0.158194 0.156497 0.154319 0.151794 0.149062 0.14627 0.143566 0.141098 0.139011 0.13744 0.136513 0.13634 0.137012 0.138594 0.141121 0.144593
-0.279533 -0.272835 -0.265607 -0.257845 -0.249543 -0.240696 -0.231301 -0.221357 -0.210861 -0.199816 -0.188226 -0.176096 -0.163437 -0.150264 -0.136595 -0.122453 -0.107869 -0.0928776 -0.0775213 -0.0618495 -0.0459189 -0.0297935 -0.013545 0.00274762 0.0189985 0.0351155 0.0510013 0.0665541 0.0816696 0.0962425 0.110168 0.123346 0.135679 0.147078 0.157465 0.166774 0.17495 0.181957 0.187776 0.192406 0.195865 0.198191 0.199442 0.199696 0.199049 0.197614 0.19552 0.19291 0.189939 0.186772 0.183578 0.180532 0.17781 0.175583 0.174016 0.173264 0.173462 0.174728 0.177147 0.180773 0.185614
-0.273578 -0.266525 -0.258905 -0.250713 -0.241941 -0.232583 -0.222634 -0.212089 -0.200946 -0.189204 -0.176864 -0.163932 -0.150417 -0.136331 -0.121693 -0.106525 -0.0908583 -0.074729 -0.0581812 -0.0412671 -0.0240472 -0.0065906 0.0110248 0.0287125 0.0463779 0.063919 0.081227 0.0981881 0.114685 0.130598 0.145809 0.160202 0.173668 0.186104 0.19742 0.207539 0.216398 0.223955 0.230187 0.235091 0.238687 0.24102 0.242154 0.242179 0.241204 0.23936 0.236795 0.233675 0.230179 0.226497 0.222828 0.219377 0.21635 0.213952 0.212381 0.211825 0.212454 0.214416 0.217826 0.222761 0.229248
-0.267581 -0.260161 -0.252136 -0.2435 -0.234242 -0.224354 -0.213828 -0.202659 -0.19084 -0.178369 -0.165245 -0.151472 -0.137056 -0.122009 -0.106347 -0.0900933 -0.0732779 -0.0559381 -0.0381199 -0.019878 -0.00127679 0.0176093 0.036696 0.0558889 0.0750837 0.0941675 0.113019 0.131512 0.149512 0.166886 0.1835 0.199221 0.213924 0.227492 0.23982 0.250819 0.260419 0.268567 0.275236 0.280423 0.28415 0.286464 0.287442 0.287184 0.285815 0.283486 0.280365 0.276644 0.27253 0.268242 0.264012 0.260079 0.256685 0.254074 0.252482 0.252138 0.253254 0.256018 0.260584 0.267062 0.275505
-0.26156 -0.253762 -0.245321 -0.236226 -0.226466 -0.21603 -0.204908 -0.193091 -0.18057 -0.16734 -0.153399 -0.138746 -0.123386 -0.107329 -0.0905894 -0.0731898 -0.0551593 -0.0365361 -0.0173673 0.00228969 0.0223665 0.0427837 0.0634499 0.0842623 0.105106 0.125858 0.146381 0.166534 0.186169 0.205133 0.223274 0.240442 0.256493 0.271294 0.284724 0.29668 0.307079 0.315862 0.322995 0.328472 0.332319 0.334588 0.335364 0.334762 0.332925 0.330022 0.32625 0.321826 0.316988 0.311989 0.307098 0.302591 0.298754 0.295872 0.29423 0.294104 0.295756 0.299425 0.305317 0.313588 0.324332
-0.255533 -0.247349 -0.23848 -0.228915 -0.218639 -0.207639 -0.195902 -0.183414 -0.170167 -0.15615 -0.141358 -0.125789 -0.109443 -0.0923291 -0.0744594 -0.0558546 -0.0365433 -0.0165636 0.00403619 0.0251962 0.0468445 0.0688961 0.0912528 0.113803 0.13642 0.158968 0.181297 0.203247 0.224652 0.245342 0.265142 0.283883 0.301401 0.317542 0.332169 0.345162 0.356424 0.365887 0.37351 0.379285 0.383238 0.385429 0.385953 0.384939 0.38255 0.378978 0.374447 0.369204 0.363522 0.357693 0.352024 0.346836 0.342461 0.339235 0.337496 0.337577 0.3398 0.34447 0.351855 0.362177 0.375587
-0.249522 -0.240943 -0.231638 -0.221592 -0.210788 -0.199208 -0.186838 -0.173662 -0.159665 -0.144834 -0.129162 -0.112641 -0.0952708 -0.0770548 -0.0580039 -0.0381366 -0.0174801 0.00392779 0.026038 0.0487888 0.0721044 0.0958948 0.120054 0.144461 0.16898 0.193457 0.217729 0.241617 0.264936 0.287491 0.309089 0.329536 0.348644 0.366239 0.382162 0.396276 0.408468 0.418658 0.426798 0.432877 0.436922 0.438998 0.439213 0.437711 0.434677 0.430329 0.424919 0.41873 0.412071 0.405276 0.398696 0.392702 0.387676 0.38401 0.382105 0.38236 0.385168 0.390911 0.399942 0.412565 0.429016
-0.243548 -0.234569 -0.22482 -0.214283 -0.20294 -0.190769 -0.177752 -0.163869 -0.149101 -0.133434 -0.116854 -0.0993501 -0.0809181 -0.0615583 -0.0412783 -0.020094 0.00196924 0.0248745 0.0485726 0.0729998 0.0980775 0.12371 0.149784 0.176169 0.202717 0.229259 0.255614 0.281584 0.306962 0.33153 0.355068 0.377357 0.398184 0.417351 0.434674 0.449995 0.463186 0.474153 0.482837 0.489224 0.493341 0.495263 0.495107 0.493036 0.489256 0.484014 0.477596 0.47032 0.462536 0.454624 0.446983 0.440036 0.434224 0.430002 0.427835 0.428199 0.431573 0.43843 0.449223 0.46437 0.484217
-0.237635 -0.22825 -0.218051 -0.207018 -0.195127 -0.182355 -0.168678 -0.154074 -0.13852 -0.121995 -0.104483 -0.0859679 -0.0664415 -0.0458999 -0.0243468 -0.001795 0.0217325 0.0462005 0.0715599 0.097746 0.124677 0.152252 0.180351 0.208833 0.237537 0.266278 0.294858 0.323056 0.35064 0.377368 0.402991 0.427263 0.449941 0.470799 0.489628 0.506247 0.520507 0.532299 0.541554 0.548252 0.552423 0.554145 0.553551 0.550821 0.546188 0.539928 0.53236 0.523845 0.514776 0.505581 0.496712 0.488648 0.481892 0.476966 0.47441 0.474783 0.478659 0.486618 0.499237 0.51707 0.540613
-0.231807 -0.222013 -0.211361 -0.199826 -0.187382 -0.174001 -0.159656 -0.144319 -0.127965 -0.110566 -0.0921023 -0.0725529 -0.0519041 -0.0301475 -0.00728265 0.0166817 0.0417256 0.0678161 0.0949049 0.122927 0.151797 0.181411 0.21164 0.242334 0.273316 0.304389 0.335331 0.3659 0.395838 0.424873 0.452728 0.479122 0.503784 0.526454 0.546896 0.564902 0.580302 0.592967 0.602819 0.60983 0.61403 0.615506 0.614403 0.610923 0.605322 0.59791 0.589045 0.579129 0.568603 0.557946 0.547665 0.538301 0.53042 0.524614 0.521505 0.521742 0.526 0.534982 0.549406 0.569991 0.597424
-0.226088 -0.215885 -0.204778 -0.19274 -0.179739 -0.165745 -0.150727 -0.134651 -0.117486 -0.0992026 -0.0797718 -0.0591695 -0.0373758 -0.0143772 0.00983175 0.035247 0.0618524 0.0896177 0.118497 0.148423 0.179312 0.211052 0.243509 0.276522 0.309901 0.34343 0.376867 0.409946 0.44238 0.473866 0.504093 0.532748 0.559522 0.584124 0.606284 0.625766 0.642374 0.65596 0.666433 0.673757 0.677962 0.679142 0.677456 0.673128 0.666441 0.657741 0.647425 0.63594 0.623777 0.611468 0.599579 0.588713 0.579502 0.572613 0.56875 0.568653 0.573109 0.582948 0.599046 0.622312 0.653654
-0.220505 -0.209894 -0.198334 -0.185792 -0.172236 -0.157629 -0.141935 -0.125117 -0.107137 -0.0879615 -0.067555 -0.0458875 -0.0229333 0.00132712 0.0269049 0.0538011 0.0820042 0.111488 0.142207 0.174098 0.207073 0.241017 0.27579 0.311219 0.3471 0.383201 0.419257 0.454974 0.490037 0.524109 0.556844 0.58789 0.616901 0.643548 0.667526 0.688568 0.706449 0.721001 0.732116 0.739751 0.743934 0.744768 0.742424 0.73715 0.72926 0.719133 0.70721 0.693984 0.679999 0.665842 0.65214 0.639557 0.628793 0.62059 0.615731 0.615052 0.619446 0.629879 0.647386 0.673079 0.708118
-0.215083 -0.204068 -0.192059 -0.179018 -0.16491 -0.149693 -0.133326 -0.115767 -0.0969742 -0.076905 -0.0555199 -0.0327821 -0.00865923 0.0168745 0.0438366 0.0722341 0.102061 0.133294 0.165894 0.199796 0.234912 0.271124 0.308285 0.346213 0.384689 0.423463 0.462245 0.500717 0.538528 0.575309 0.610674 0.64423 0.675592 0.704388 0.730277 0.752955 0.772169 0.787726 0.799501 0.807443 0.811577 0.812013 0.808938 0.802622 0.793411 0.781722 0.768038 0.752902 0.736912 0.720711 0.704986 0.690463 0.67791 0.668137 0.662008 0.660446 0.664447 0.675103 0.693606 0.721264 0.759491
