MatLab_Code/Uz_2D.grd
DSAA
101 101
-2500 2500
-2500 2500
-0.410177 2.76879
[rows 27 to 53 of 101, columns 0 to 60 of 101]
-0.20985 -0.198438 -0.185985 -0.172453 -0.1578 -0.14198 -0.124948 -0.106656 -0.0870549 -0.0660981 -0.0437387 -0.0199331 0.00535779 0.0321669 0.0605186 0.0904265 0.12189 0.154893 0.189397 0.225342 0.262638 0.301166 0.340771 0.381261 0.422406 0.463933 0.505532 0.546853 0.587515 0.627109 0.665208 0.701378 0.735188 0.766224 0.794103 0.818484 0.839081 0.855677 0.868126 0.876366 0.880424 0.880412 0.876536 0.869088 0.858445 0.845065 0.829475 0.812269 0.794097 0.77566 0.757705 0.741019 0.726432 0.714823 0.707123 0.704334 0.707544 0.717953 0.736889 0.765834 0.806428
-0.204831 -0.193031 -0.180146 -0.166133 -0.150946 -0.134535 -0.11685 -0.0978362 -0.0774405 -0.0556083 -0.0322865 -0.0074244 0.0190245 0.0471005 0.0768355 0.10825 0.141351 0.176126 0.212543 0.250544 0.290041 0.33091 0.372994 0.416089 0.459952 0.504291 0.548771 0.593014 0.636602 0.679089 0.720004 0.758868 0.795203 0.82855 0.858482 0.884618 0.906638 0.924295 0.937426 0.945956 0.949908 0.949403 0.944661 0.935998 0.923826 0.908638 0.89101 0.871586 0.851071 0.830222 0.809842 0.790778 0.773918 0.760198 0.750612 0.746225 0.748197 0.757808 0.77649 0.805853 0.847702
-0.200055 -0.187878 -0.174573 -0.160093 -0.144388 -0.127402 -0.109081 -0.0893647 -0.068193 -0.0455052 -0.0212412 0.00465713 0.0322438 0.0615669 0.0926661 0.12557 0.160291 0.196826 0.235146 0.275197 0.316892 0.360107 0.404678 0.450394 0.496996 0.544176 0.591572 0.638777 0.685338 0.730768 0.774551 0.816161 0.855073 0.890778 0.922804 0.950728 0.974194 0.992926 1.00674 1.01555 1.01937 1.01833 1.01266 1.00272 0.988929 0.971837 0.95206 0.930294 0.907295 0.883878 0.8609 0.839262 0.819903 0.803811 0.792025 0.785659 0.785919 0.794137 0.811798 0.84058 0.882369
-0.195547 -0.183008 -0.1693 -0.15437 -0.138165 -0.120627 -0.101692 -0.0812971 -0.0593753 -0.0358592 -0.0106817 0.0162227 0.0449158 0.0754539 0.107885 0.142244 0.178554 0.216816 0.257009 0.29908 0.342947 0.388485 0.435523 0.483845 0.533177 0.583192 0.633505 0.683678 0.733221 0.781607 0.828276 0.872651 0.914157 0.952238 0.986373 1.0161 1.04101 1.06082 1.07531 1.08438 1.08804 1.08643 1.0798 1.06852 1.05305 1.03398 1.01197 0.987767 0.962177 0.936068 0.910349 0.885969 0.863915 0.845211 0.830933 0.822221 0.820304 0.826526 0.84238 0.86954 0.909881
-0.191332 -0.178449 -0.164356 -0.148999 -0.132319 -0.114252 -0.0947323 -0.073689 -0.0510499 -0.0267408 -0.000687562 0.0271827 0.0569399 0.0886481 0.122363 0.15813 0.195978 0.235915 0.277927 0.321967 0.367952 0.41576 0.465216 0.516094 0.56811 0.620917 0.674108 0.727212 0.779707 0.831022 0.880551 0.92767 0.971753 1.01219 1.04842 1.07993 1.10629 1.12715 1.14229 1.1516 1.15509 1.15288 1.14526 1.1326 1.11542 1.09433 1.07004 1.04333 1.01508 0.986194 0.957632 0.930385 0.905478 0.883964 0.866939 0.855553 0.851031 0.854697 0.868006 0.892565 0.930148
-0.187435 -0.174228 -0.159773 -0.144013 -0.126885 -0.108321 -0.0882499 -0.066595 -0.0432783 -0.0182194 0.00866273 0.0374485 0.0682155 0.101036 0.135974 0.173083 0.212399 0.253939 0.297693 0.343622 0.391646 0.44164 0.493428 0.546778 0.601393 0.656908 0.712894 0.76885 0.824219 0.87839 0.93071 0.980509 1.02711 1.06985 1.10813 1.14137 1.16913 1.19102 1.20679 1.21632 1.2196 1.21679 1.20816 1.19412 1.17522 1.15209 1.1255 1.09628 1.06534 1.03364 1.00218 0.97199 0.944122 0.919652 0.899682 0.885355 0.877871 0.878507 0.88864 0.909764 0.94349
-0.183879 -0.17037 -0.155579 -0.139446 -0.121902 -0.102876 -0.0822913 -0.0600674 -0.03612 -0.0103625 0.0172928 0.0469334 0.0786444 0.112506 0.14859 0.186958 0.227654 0.270703 0.316101 0.363813 0.413764 0.465829 0.519831 0.57553 0.632617 0.690713 0.749365 0.808046 0.866164 0.923067 0.978062 1.03043 1.07944 1.12439 1.16463 1.19954 1.22863 1.25149 1.26785 1.27757 1.28064 1.27722 1.26759 1.25218 1.23157 1.20644 1.17759 1.14588 1.11227 1.07778 1.04342 1.01027 0.979394 0.951886 0.928842 0.911386 0.900676 0.897923 0.904402 0.921466 0.950533
-0.180686 -0.166901 -0.151802 -0.135327 -0.117402 -0.0979541 -0.0769005 -0.0541561 -0.0296314 -0.00323411 0.0251299 0.0555547 0.0881324 0.122951 0.16009 0.199617 0.241587 0.286029 0.332947 0.382312 0.43405 0.488039 0.544098 0.601983 0.661376 0.721881 0.783024 0.844254 0.904944 0.964408 1.02191 1.07668 1.12796 1.17498 1.21705 1.25352 1.28385 1.30762 1.32451 1.33439 1.33724 1.33321 1.32261 1.30588 1.28363 1.25656 1.22551 1.1914 1.15521 1.11798 1.08079 1.04472 1.01086 0.980306 0.954139 0.933456 0.919364 0.912996 0.915518 0.928131 0.952061
-0.177874 -0.163841 -0.148467 -0.131684 -0.113419 -0.0935919 -0.0721179 -0.048907 -0.0238649 0.00310627 0.0321061 0.0632349 0.0965914 0.13227 0.170358 0.210931 0.254048 0.299748 0.348041 0.398899 0.452256 0.507989 0.565916 0.625788 0.687277 0.749975 0.813389 0.876943 0.939981 1.00178 1.06157 1.11854 1.17189 1.2208 1.26454 1.30243 1.33389 1.35847 1.37584 1.38584 1.38846 1.38385 1.37232 1.35435 1.33054 1.30164 1.26852 1.23213 1.19348 1.15366 1.11376 1.07488 1.03813 1.00459 0.975331 0.951417 0.933898 0.923828 0.922263 0.930263 0.948877
-0.175461 -0.16121 -0.145594 -0.128542 -0.109979 -0.0898211 -0.06798 -0.0443616 -0.0188676 0.00860463 0.0381598 0.0699037 0.103941 0.140372 0.17929 0.220778 0.264902 0.311705 0.361202 0.413374 0.468153 0.52542 0.584993 0.646616 0.709954 0.774588 0.840007 0.905614 0.970728 1.0346 1.09641 1.15533 1.21049 1.26108 1.30629 1.34542 1.37787 1.40316 1.42093 1.43103 1.43341 1.42825 1.41587 1.39674 1.3715 1.34092 1.3059 1.26741 1.2265 1.18427 1.14184 1.10033 1.06084 1.02445 0.992214 0.965157 0.944275 0.930543 0.924919 0.92834 0.941706
-0.173463 -0.159025 -0.143203 -0.125923 -0.107108 -0.0866696 -0.0645183 -0.0405561 -0.0146809 0.0132137 0.0432369 0.0754991 0.11011 0.147175 0.186793 0.229053 0.274025 0.321759 0.372274 0.425555 0.481536 0.540101 0.601066 0.664171 0.729076 0.795349 0.862468 0.929815 0.996689 1.06231 1.12584 1.1864 1.24311 1.29511 1.34157 1.38175 1.41502 1.44089 1.45898 1.46912 1.47129 1.46562 1.45246 1.4323 1.40579 1.37372 1.337 1.29664 1.2537 1.20931 1.16459 1.12067 1.07867 1.03964 1.00462 0.974596 0.950509 0.933268 0.923745 0.922774 0.931143
-0.17189 -0.1573 -0.14131 -0.123845 -0.104824 -0.0841605 -0.0617592 -0.0375206 -0.0113394 0.0168939 0.047292 0.079969 0.115039 0.152611 0.192789 0.235665 0.281315 0.329792 0.381121 0.435287 0.49223 0.551833 0.613909 0.6782 0.744357 0.811942 0.880419 0.949159 1.01744 1.08446 1.14936 1.21123 1.26918 1.32229 1.36973 1.41074 1.44465 1.47096 1.48929 1.49944 1.50138 1.49527 1.48144 1.46039 1.4328 1.39945 1.36128 1.31931 1.27463 1.22836 1.18164 1.13562 1.09138 1.04998 1.01243 0.979679 0.952626 0.932119 0.918958 0.913895 0.917633
-0.170753 -0.156045 -0.139926 -0.12232 -0.103145 -0.0823116 -0.0597233 -0.0352786 -0.00887005 0.0196142 0.0502894 0.0832724 0.11868 0.156625 0.197213 0.240542 0.286688 0.33571 0.387634 0.442449 0.500094 0.560454 0.623344 0.688499 0.755569 0.82411 0.893578 0.96333 1.03263 1.10067 1.16656 1.22939 1.28821 1.34213 1.39027 1.43186 1.46622 1.49282 1.51128 1.52139 1.52313 1.51663 1.50225 1.48049 1.45201 1.41763 1.37829 1.33502 1.28891 1.24109 1.19272 1.14491 1.09877 1.05532 1.01555 0.980382 0.950668 0.927205 0.910736 0.901952 0.901494
-0.170057 -0.155267 -0.13906 -0.121359 -0.102081 -0.0811352 -0.0584247 -0.0338465 -0.00729172 0.0213528 0.052204 0.0853804 0.121 0.159178 0.200023 0.243633 0.290088 0.339446 0.391737 0.44695 0.505027 0.565851 0.629237 0.69492 0.762547 0.831668 0.901736 0.9721 1.04202 1.11067 1.17715 1.24054 1.29989 1.35427 1.40282 1.44472 1.47932 1.50605 1.52454 1.53458 1.53612 1.52932 1.51451 1.4922 1.46307 1.42793 1.38772 1.34348 1.29629 1.24729 1.19763 1.14841 1.10072 1.05559 1.01395 0.976713 0.944685 0.918624 0.899223 0.887128 0.882936
-0.169805 -0.15497 -0.138716 -0.120966 -0.101637 -0.0806379 -0.0578711 -0.0332331 -0.0066147 0.0220979 0.053022 0.0862767 0.121981 0.16025 0.201194 0.244909 0.291478 0.34096 0.393384 0.44874 0.506969 0.567955 0.631513 0.697376 0.765191 0.834506 0.904771 0.975334 1.04545 1.11429 1.18095 1.2445 1.304 1.3585 1.40714 1.4491 1.48371 1.51042 1.52884 1.53875 1.54011 1.53308 1.51798 1.49532 1.46578 1.43016 1.38939 1.34452 1.29662 1.24683 1.19627 1.14604 1.0972 1.05076 1.00765 0.968715 0.934753 0.906477 0.884545 0.869564 0.862099
-0.169997 -0.155152 -0.138893 -0.121141 -0.101814 -0.0808201 -0.0580631 -0.0334394 -0.00684039 0.0218475 0.0527409 0.0859585 0.121618 0.159836 0.200718 0.244364 0.290853 0.340244 0.392565 0.447805 0.505905 0.566749 0.630151 0.695844 0.763475 0.832594 0.90265 0.972994 1.04288 1.11148 1.17791 1.24123 1.30049 1.35476 1.40317 1.44492 1.47933 1.50585 1.52409 1.53383 1.53504 1.52785 1.5126 1.48978 1.46007 1.42426 1.38327 1.33813 1.2899 1.23971 1.18865 1.13781 1.08823 1.0409 0.996698 0.956471 0.920968 0.890874 0.866817 0.849373 0.839081
-0.170629 -0.155811 -0.139587 -0.12188 -0.102606 -0.0816763 -0.0589946 -0.0344588 -0.00796122 0.0206101 0.0513703 0.0844363 0.119925 0.157948 0.198613 0.242014 0.28823 0.337317 0.389302 0.444172 0.501866 0.562268 0.625189 0.690367 0.757447 0.825984 0.895431 0.965144 1.03439 1.10234 1.16811 1.2308 1.28944 1.34314 1.39102 1.43229 1.46628 1.49245 1.51041 1.51994 1.52101 1.51375 1.49849 1.47571 1.44606 1.41035 1.36946 1.3244 1.27623 1.22603 1.17488 1.12385 1.07394 1.02611 0.981234 0.940109 0.90346 0.871945 0.846162 0.826662 0.813963
-0.171694 -0.156939 -0.14079 -0.123172 -0.104003 -0.0831949 -0.0606528 -0.0362765 -0.0099607 0.0184043 0.0489312 0.0817342 0.116926 0.154618 0.194912 0.237899 0.283655 0.332233 0.383656 0.437908 0.494927 0.554594 0.616723 0.68105 0.747225 0.814808 0.883259 0.951943 1.02014 1.08703 1.15177 1.21343 1.27111 1.32389 1.37094 1.41148 1.44485 1.47051 1.48809 1.49738 1.49832 1.49107 1.47592 1.45336 1.42403 1.38869 1.34822 1.30359 1.25584 1.20602 1.15518 1.10435 1.05452 1.0066 0.961435 0.919802 0.882395 0.849843 0.822718 0.801548 0.786829
-0.173182 -0.158525 -0.14249 -0.125006 -0.10599 -0.0853586 -0.0630178 -0.0388703 -0.0128136 0.0152588 0.0454562 0.0778889 0.112666 0.149894 0.18967 0.232081 0.277199 0.325071 0.375716 0.429115 0.485204 0.543861 0.604901 0.668062 0.732998 0.799275 0.866366 0.933648 1.00041 1.06588 1.12919 1.18948 1.24585 1.29741 1.34335 1.38292 1.41547 1.44048 1.45759 1.46659 1.46743 1.46025 1.44535 1.42319 1.39439 1.35968 1.31993 1.27606 1.22908 1.18 1.12985 1.07961 1.03023 0.982605 0.937538 0.895772 0.857976 0.824752 0.796646 0.774163 0.75778
-0.17508 -0.160553 -0.14467 -0.127361 -0.108547 -0.0881441 -0.0660636 -0.0422107 -0.0164865 0.0112116 0.0409884 0.0729498 0.1072 0.143839 0.182959 0.224643 0.268955 0.315938 0.365605 0.417933 0.472855 0.530247 0.589924 0.651627 0.715016 0.779667 0.845063 0.9106 0.975592 1.03928 1.10084 1.15942 1.21417 1.26423 1.30881 1.34719 1.37874 1.40297 1.41953 1.4282 1.42896 1.42192 1.40738 1.38578 1.3577 1.32387 1.2851 1.2423 1.19641 1.14841 1.09929 1.05 1.00143 0.954453 0.909834 0.868285 0.830444 0.796886 0.768134 0.744668 0.726942
-0.177372 -0.163006 -0.147311 -0.130216 -0.111647 -0.0915231 -0.069758 -0.0462612 -0.020938 0.0063095 0.0355812 0.0669773 0.100596 0.136532 0.174871 0.215687 0.25904 0.304966 0.353473 0.404532 0.458073 0.51397 0.572038 0.632022 0.693589 0.756325 0.819731 0.88322 0.946132 1.00773 1.06724 1.12383 1.17668 1.22499 1.26799 1.30498 1.33539 1.35872 1.37464 1.38296 1.38365 1.37681 1.36272 1.34182 1.31465 1.28191 1.24437 1.20288 1.15837 1.11176 1.06398 1.01595 0.968523 0.922513 0.878662 0.837646 0.800074 0.766493 0.737399 0.713247 0.694469
-0.180039 -0.165864 -0.150388 -0.133545 -0.115262 -0.0954624 -0.0740635 -0.0509794 -0.0261199 0.000607484 0.029297 0.0600426 0.0929361 0.128065 0.165508 0.205332 0.24759 0.29231 0.339495 0.38911 0.441081 0.495282 0.551527 0.609566 0.669074 0.72965 0.79081 0.851993 0.912564 0.971822 1.02902 1.08338 1.13411 1.18045 1.22168 1.25713 1.28625 1.30858 1.32381 1.33175 1.33237 1.32577 1.31223 1.29213 1.26602 1.23454 1.19843 1.1585 1.1156 1.07063 1.02447 0.977971 0.931959 0.8872 0.8444 0.804199 0.767174 0.733846 0.704682 0.680113 0.660542
-0.183059 -0.169102 -0.153876 -0.137318 -0.119358 -0.099924 -0.0789374 -0.0563167 -0.0319774 -0.00583239 0.0222061 0.0522255 0.0843105 0.118541 0.154988 0.193711 0.234755 0.278141 0.323865 0.371888 0.42213 0.474464 0.528708 0.584614 0.641867 0.70008 0.758788 0.817455 0.875475 0.932183 0.98687 1.0388 1.08723 1.13144 1.17074 1.20452 1.23225 1.2535 1.26798 1.27552 1.27607 1.26975 1.2568 1.23761 1.21267 1.1826 1.14807 1.10987 1.06879 1.02567 0.981337 0.936602 0.892239 0.848969 0.807459 0.768313 0.732078 0.699243 0.670249 0.645499 0.625369
-0.18641 -0.172695 -0.157746 -0.141502 -0.123899 -0.104867 -0.0843325 -0.0622201 -0.0384502 -0.0129419 0.0143861 0.0436139 0.0748189 0.108073 0.143439 0.18097 0.2207 0.262646 0.306794 0.353102 0.401487 0.45182 0.50392 0.557546 0.612393 0.668087 0.724187 0.78018 0.835492 0.889496 0.941524 0.990883 1.03688 1.07883 1.1161 1.14811 1.17437 1.19449 1.20817 1.21528 1.21576 1.20974 1.19743 1.1792 1.15551 1.12693 1.09412 1.05777 1.01865 0.97754 0.935208 0.892415 0.849884 0.808294 0.76827 0.73038 0.695136 0.662999 0.634382 0.609659 0.589178
-0.190066 -0.176614 -0.161965 -0.146061 -0.128843 -0.110245 -0.0901981 -0.0686321 -0.0454734 -0.0206475 0.00591997 0.0343019 0.0645678 0.0967815 0.130998 0.167262 0.2056 0.24602 0.288505 0.333006 0.379436 0.427666 0.477519 0.528759 0.581093 0.634162 0.687546 0.740761 0.793264 0.844466 0.89374 0.940439 0.983914 1.02353 1.0587 1.08888 1.11362 1.13256 1.14542 1.15207 1.15248 1.14676 1.13511 1.11787 1.09547 1.06845 1.0374 1.003 0.965937 0.926937 0.886721 0.845994 0.805431 0.765663 0.727275 0.690798 0.65671 0.62544 0.597374 0.572857 0.552209
-0.194 -0.180829 -0.166499 -0.150958 -0.134149 -0.116011 -0.0964803 -0.0754918 -0.0529782 -0.0288716 -0.00310456 0.0243884 0.0536689 0.0847929 0.117807 0.152748 0.189635 0.22847 0.269227 0.311855 0.356264 0.402327 0.449867 0.498658 0.548416 0.598803 0.649416 0.699801 0.749448 0.797804 0.844285 0.888288 0.92921 0.966464 0.999502 1.02783 1.05102 1.06875 1.08076 1.08694 1.08726 1.08182 1.07082 1.05457 1.03347 1.00802 0.978774 0.946343 0.911378 0.874544 0.836508 0.797923 0.759412 0.721563 0.684917 0.649967 0.61716 0.586892 0.559521 0.535364 0.514711
-0.198184 -0.185308 -0.171315 -0.156154 -0.139773 -0.122115 -0.103123 -0.0827357 -0.0608931 -0.0375334 -0.0125964 0.0139761 0.042238 0.0722371 0.104013 0.137593 0.172991 0.2102 0.249193 0.289911 0.332265 0.376127 0.421327 0.467645 0.514811 0.562502 0.610341 0.657896 0.704693 0.750214 0.793916 0.835239 0.873622 0.908526 0.939442 0.965916 0.98756 1.00407 1.01522 1.02091 1.02111 1.01593 1.00554 0.990245 0.970417 0.946509 0.919036 0.888564 0.85569 0.821025 0.785183 0.748766 0.712346 0.676466 0.641625 0.60828 0.576842 0.547679 0.521116 0.497447 0.47693
